acc = 0.8578431372549019
acc_and_f1 = 0.880426585349859
eval_loss = 0.5151263044453135
f1 = 0.903010033444816
global_step = 1377
loss = 0.029757525000826724
